Alps                       by Peter Bird, September 2001
 +6.71754E+00,+3.72467E+01
 +7.29609E+00,+3.64716E+01
 +7.86316E+00,+3.56937E+01
 +8.41925E+00,+3.49132E+01
 +8.96486E+00,+3.41303E+01
 +9.96522E+00,+3.36789E+01
 +1.09550E+01,+3.32195E+01
 +1.19344E+01,+3.27524E+01
 +1.29035E+01,+3.22778E+01
 +1.38625E+01,+3.17958E+01
 +1.48114E+01,+3.13067E+01
 +1.57504E+01,+3.08107E+01
 +1.64075E+01,+3.14590E+01
 +1.70737E+01,+3.21039E+01
 +1.77493E+01,+3.27452E+01
 +1.84348E+01,+3.33829E+01
 +1.91303E+01,+3.40167E+01
 +1.97009E+01,+3.48229E+01
 +2.02828E+01,+3.56264E+01
 +2.08765E+01,+3.64271E+01
 +2.18769E+01,+3.64370E+01
 +2.28774E+01,+3.64469E+01
 +2.37061E+01,+3.66028E+01
 +2.45381E+01,+3.67529E+01
 +2.45026E+01,+3.75558E+01
 +2.44664E+01,+3.83586E+01
 +2.53944E+01,+3.82093E+01
 +2.63185E+01,+3.80528E+01
 +2.66072E+01,+3.76388E+01
 +2.64240E+01,+3.70411E+01
 +2.62436E+01,+3.64432E+01
 +2.69047E+01,+3.63368E+01
 +2.75639E+01,+3.62268E+01
 +2.85556E+01,+3.63706E+01
 +2.95509E+01,+3.65061E+01
 +3.02085E+01,+3.67812E+01
 +3.08708E+01,+3.70527E+01
 +3.10669E+01,+3.77696E+01
 +3.12669E+01,+3.84861E+01
 +3.08933E+01,+3.88492E+01
 +3.05159E+01,+3.92110E+01
 +2.97765E+01,+3.99734E+01
 +2.90204E+01,+4.07309E+01
 +2.87269E+01,+4.15032E+01
 +2.84264E+01,+4.22748E+01
 +2.81184E+01,+4.30456E+01
 +2.87647E+01,+4.39824E+01
 +2.94316E+01,+4.49155E+01
 +2.93662E+01,+4.55050E+01
 +2.81236E+01,+4.58932E+01
 +2.68638E+01,+4.62677E+01
 +2.54943E+01,+4.65029E+01
 +2.41133E+01,+4.67216E+01
 +2.27215E+01,+4.69235E+01
 +2.13196E+01,+4.71085E+01
 +2.00510E+01,+4.73991E+01
 +1.87686E+01,+4.76756E+01
 +1.74729E+01,+4.79377E+01
 +1.61644E+01,+4.81850E+01
 +1.47300E+01,+4.82938E+01
 +1.32900E+01,+4.83847E+01
 +1.18454E+01,+4.84576E+01
 +1.03971E+01,+4.85124E+01
 +8.94620E+00,+4.85489E+01
 +8.18373E+00,+4.81671E+01
 +7.58001E+00,+4.78931E+01
 +6.98268E+00,+4.76160E+01
 +6.08291E+00,+4.71498E+01
 +5.47133E+00,+4.64703E+01
 +5.43421E+00,+4.59414E+01
 +5.39779E+00,+4.54125E+01
 +5.60728E+00,+4.46474E+01
 +5.81131E+00,+4.38820E+01
 +5.95238E+00,+4.29346E+01
 +6.08917E+00,+4.19869E+01
 +6.22195E+00,+4.10392E+01
 +6.35096E+00,+4.00913E+01
 +6.47642E+00,+3.91432E+01
 +6.59855E+00,+3.81950E+01
 +6.71754E+00,+3.72467E+01
*** end of line segment ***
Persia-Tibet-Burma         by Peter Bird, October 2001
 +6.00000E+01,+4.08714E+01
 +5.88105E+01,+4.07758E+01
 +5.76417E+01,+4.04945E+01
 +5.65328E+01,+4.05550E+01
 +5.54221E+01,+4.06049E+01
 +5.43099E+01,+4.06442E+01
 +5.32921E+01,+4.09502E+01
 +5.22650E+01,+4.12472E+01
 +5.13870E+01,+4.17498E+01
 +5.04952E+01,+4.22455E+01
 +4.95893E+01,+4.27343E+01
 +4.86692E+01,+4.32158E+01
 +4.77346E+01,+4.36898E+01
 +4.67755E+01,+4.41044E+01
 +4.58029E+01,+4.45110E+01
 +4.48168E+01,+4.49091E+01
 +4.34651E+01,+4.51284E+01
 +4.21034E+01,+4.53316E+01
 +4.07322E+01,+4.55185E+01
 +3.93523E+01,+4.56889E+01
 +3.78023E+01,+4.56363E+01
 +3.62557E+01,+4.55628E+01
 +3.62437E+01,+4.49932E+01
 +3.62319E+01,+4.44236E+01
 +3.73541E+01,+4.38761E+01
 +3.84557E+01,+4.33178E+01
 +3.95370E+01,+4.27492E+01
 +3.96289E+01,+4.19978E+01
 +3.97187E+01,+4.12464E+01
 +3.98065E+01,+4.04949E+01
 +3.97295E+01,+3.99588E+01
 +3.96536E+01,+3.94226E+01
 +4.02353E+01,+3.90690E+01
 +4.08111E+01,+3.87125E+01
 +4.11427E+01,+3.85590E+01
 +4.17453E+01,+3.83000E+01
 +4.21047E+01,+3.76915E+01
 +4.24582E+01,+3.70819E+01
 +4.29433E+01,+3.65141E+01
 +4.35162E+01,+3.58901E+01
 +4.39818E+01,+3.54981E+01
 +4.44428E+01,+3.51044E+01
 +4.46103E+01,+3.46716E+01
 +4.47761E+01,+3.42385E+01
 +4.52743E+01,+3.35400E+01
 +4.56905E+01,+3.30368E+01
 +4.63769E+01,+3.25408E+01
 +4.71810E+01,+3.20972E+01
 +4.75373E+01,+3.19671E+01
 +4.79381E+01,+3.19630E+01
 +4.82553E+01,+3.18949E+01
 +4.87980E+01,+3.12762E+01
 +4.90260E+01,+3.08673E+01
 +4.92520E+01,+3.04581E+01
 +4.97330E+01,+3.01114E+01
 +5.02106E+01,+2.97630E+01
 +5.05792E+01,+2.92118E+01
 +5.02664E+01,+2.85893E+01
 +5.05626E+01,+2.80574E+01
 +5.08558E+01,+2.75248E+01
 +5.16195E+01,+2.71454E+01
 +5.22421E+01,+2.69629E+01
 +5.29948E+01,+2.65735E+01
 +5.36173E+01,+2.63896E+01
 +5.44537E+01,+2.60011E+01
 +5.52332E+01,+2.60859E+01
 +5.56592E+01,+2.64457E+01
 +5.60878E+01,+2.68043E+01
 +5.65332E+01,+2.67365E+01
 +5.68244E+01,+2.62644E+01
 +5.70375E+01,+2.55124E+01
 +5.72552E+01,+2.47460E+01
 +5.77448E+01,+2.44023E+01
 +5.86281E+01,+2.43231E+01
 +5.95173E+01,+2.42739E+01
 +6.00000E+01,+2.40248E+01
 +6.06794E+01,+2.40202E+01
 +6.13588E+01,+2.40156E+01
 +6.19530E+01,+2.39772E+01
 +6.25804E+01,+2.41785E+01
 +6.33615E+01,+2.41744E+01
 +6.41591E+01,+2.42423E+01
 +6.50789E+01,+2.43125E+01
 +6.57083E+01,+2.43860E+01
 +6.63385E+01,+2.44568E+01
 +6.68787E+01,+2.49086E+01
 +6.74229E+01,+2.53585E+01
 +6.75920E+01,+2.58445E+01
 +6.75800E+01,+2.63786E+01
 +6.75749E+01,+2.69464E+01
 +6.76560E+01,+2.77736E+01
 +6.76670E+01,+2.82669E+01
 +6.75684E+01,+2.84321E+01
 +6.76138E+01,+2.92350E+01
 +6.76404E+01,+2.96533E+01
 +6.80070E+01,+2.96101E+01
 +6.82640E+01,+2.90931E+01
 +6.88477E+01,+2.85765E+01
 +6.97131E+01,+2.87812E+01
 +7.04261E+01,+2.91020E+01
 +7.06257E+01,+2.97493E+01
 +7.06110E+01,+3.03036E+01
 +7.05961E+01,+3.08578E+01
 +7.04414E+01,+3.13112E+01
 +7.02852E+01,+3.17644E+01
 +7.07818E+01,+3.22816E+01
 +7.12841E+01,+3.27968E+01
 +7.17355E+01,+3.33259E+01
 +7.21925E+01,+3.38533E+01
 +7.24674E+01,+3.43185E+01
 +7.29880E+01,+3.38732E+01
 +7.35032E+01,+3.34257E+01
 +7.42788E+01,+3.30597E+01
 +7.50476E+01,+3.27794E+01
 +7.56347E+01,+3.20902E+01
 +7.56801E+01,+3.15305E+01
 +7.64772E+01,+3.10477E+01
 +7.69698E+01,+3.06347E+01
 +7.76026E+01,+3.04605E+01
 +7.80334E+01,+3.01276E+01
 +7.83818E+01,+2.97885E+01
 +7.88698E+01,+2.95786E+01
 +7.91582E+01,+2.92909E+01
 +7.97462E+01,+2.90396E+01
 +8.01861E+01,+2.89958E+01
 +8.04995E+01,+2.88711E+01
 +8.09979E+01,+2.86867E+01
 +8.13169E+01,+2.83153E+01
 +8.21515E+01,+2.80647E+01
 +8.28903E+01,+2.77819E+01
 +8.36161E+01,+2.74938E+01
 +8.41098E+01,+2.73516E+01
 +8.46022E+01,+2.72076E+01
 +8.55706E+01,+2.70721E+01
 +8.62036E+01,+2.69966E+01
 +8.64332E+01,+2.66379E+01
 +8.67724E+01,+2.65702E+01
 +8.71672E+01,+2.69240E+01
 +8.76987E+01,+2.68090E+01
 +8.82706E+01,+2.67860E+01
 +8.92267E+01,+2.69310E+01
 +8.97130E+01,+2.61590E+01
 +9.01930E+01,+2.53853E+01
 +9.06668E+01,+2.46101E+01
 +9.11348E+01,+2.38334E+01
 +9.15972E+01,+2.30554E+01
 +9.20543E+01,+2.22760E+01
 +9.25063E+01,+2.14953E+01
 +9.29535E+01,+2.07135E+01
 +9.33960E+01,+1.99305E+01
 +9.38343E+01,+1.91464E+01
 +9.38634E+01,+1.88629E+01
 +9.37762E+01,+1.80891E+01
 +9.35816E+01,+1.72348E+01
 +9.34529E+01,+1.65723E+01
 +9.32588E+01,+1.58009E+01
 +9.28979E+01,+1.51212E+01
 +9.24265E+01,+1.43745E+01
 +9.34623E+01,+1.43885E+01
 +9.44983E+01,+1.43979E+01
 +9.55343E+01,+1.44029E+01
 +9.64384E+01,+1.43508E+01
 +9.73669E+01,+1.43464E+01
 +9.82955E+01,+1.43464E+01
 +9.92240E+01,+1.43421E+01
 +9.97837E+01,+1.47374E+01
 +1.00313E+02,+1.53596E+01
 +1.00846E+02,+1.59806E+01
 +1.01155E+02,+1.64735E+01
 +1.01466E+02,+1.69660E+01
 +1.02047E+02,+1.72488E+01
 +1.02629E+02,+1.75299E+01
 +1.03758E+02,+1.75801E+01
 +1.04888E+02,+1.76238E+01
 +1.05826E+02,+1.76436E+01
 +1.06764E+02,+1.76589E+01
 +1.07702E+02,+1.76697E+01
 +1.08640E+02,+1.76762E+01
 +1.09579E+02,+1.76782E+01
 +1.10515E+02,+1.76737E+01
 +1.11572E+02,+1.78501E+01
 +1.12632E+02,+1.80180E+01
 +1.13335E+02,+1.82203E+01
 +1.14040E+02,+1.84190E+01
 +1.13570E+02,+1.92936E+01
 +1.13093E+02,+2.01641E+01
 +1.12609E+02,+2.10345E+01
 +1.12122E+02,+2.19049E+01
 +1.11259E+02,+2.22393E+01
 +1.10395E+02,+2.25688E+01
 +1.09522E+02,+2.28927E+01
 +1.08648E+02,+2.32161E+01
 +1.07765E+02,+2.35294E+01
 +1.07216E+02,+2.41240E+01
 +1.06662E+02,+2.47213E+01
 +1.06098E+02,+2.53115E+01
 +1.05801E+02,+2.58730E+01
 +1.05501E+02,+2.64340E+01
 +1.05264E+02,+2.71946E+01
 +1.05024E+02,+2.79546E+01
 +1.05466E+02,+2.86999E+01
 +1.06329E+02,+2.91626E+01
 +1.07204E+02,+2.96206E+01
 +1.08111E+02,+2.99152E+01
 +1.09029E+02,+3.02002E+01
 +1.09946E+02,+3.04790E+01
 +1.10874E+02,+3.07481E+01
 +1.11273E+02,+3.11600E+01
 +1.11680E+02,+3.15666E+01
 +1.11696E+02,+3.21624E+01
 +1.11718E+02,+3.27536E+01
 +1.12340E+02,+3.33750E+01
 +1.12970E+02,+3.39932E+01
 +1.13316E+02,+3.43799E+01
 +1.13670E+02,+3.47658E+01
 +1.14283E+02,+3.47540E+01
 +1.14896E+02,+3.47353E+01
 +1.15684E+02,+3.41220E+01
 +1.16458E+02,+3.34991E+01
 +1.17217E+02,+3.28757E+01
 +1.18083E+02,+3.20826E+01
 +1.18937E+02,+3.12880E+01
 +1.19646E+02,+3.11105E+01
 +1.20305E+02,+3.13012E+01
 +1.20961E+02,+3.14933E+01
 +1.21548E+02,+3.14697E+01
 +1.22130E+02,+3.14438E+01
 +1.22711E+02,+3.14156E+01
 +1.23292E+02,+3.13850E+01
 +1.23532E+02,+3.15141E+01
 +1.23966E+02,+3.19440E+01
 +1.24454E+02,+3.24208E+01
 +1.24975E+02,+3.29239E+01
 +1.25502E+02,+3.34248E+01
 +1.25916E+02,+3.38136E+01
 +1.26269E+02,+3.41421E+01
 +1.26383E+02,+3.43975E+01
 +1.26316E+02,+3.50819E+01
 +1.26246E+02,+3.57654E+01
 +1.26190E+02,+3.63259E+01
 +1.26134E+02,+3.68864E+01
 +1.25945E+02,+3.77112E+01
 +1.25751E+02,+3.85356E+01
 +1.25403E+02,+3.94526E+01
 +1.25046E+02,+4.03685E+01
 +1.24300E+02,+4.10350E+01
 +1.23539E+02,+4.16965E+01
 +1.22762E+02,+4.23530E+01
 +1.21760E+02,+4.17936E+01
 +1.20776E+02,+4.12256E+01
 +1.19724E+02,+4.08484E+01
 +1.18684E+02,+4.04618E+01
 +1.18167E+02,+4.02368E+01
 +1.17653E+02,+4.00095E+01
 +1.17016E+02,+4.01881E+01
 +1.16375E+02,+4.03632E+01
 +1.15814E+02,+4.07274E+01
 +1.15247E+02,+4.10889E+01
 +1.14399E+02,+4.13315E+01
 +1.13545E+02,+4.15679E+01
 +1.12915E+02,+4.11933E+01
 +1.12293E+02,+4.08153E+01
 +1.11438E+02,+4.12968E+01
 +1.10570E+02,+4.17719E+01
 +1.09690E+02,+4.22403E+01
 +1.09044E+02,+4.28060E+01
 +1.08127E+02,+4.33179E+01
 +1.07195E+02,+4.38223E+01
 +1.06939E+02,+4.47081E+01
 +1.06675E+02,+4.55934E+01
 +1.06403E+02,+4.64780E+01
 +1.06146E+02,+4.75378E+01
 +1.05878E+02,+4.85969E+01
 +1.05680E+02,+4.94475E+01
 +1.05474E+02,+5.02977E+01
 +1.05002E+02,+5.09401E+01
 +1.04517E+02,+5.15806E+01
 +1.03601E+02,+5.21002E+01
 +1.02663E+02,+5.26126E+01
 +1.01212E+02,+5.33071E+01
 +9.97141E+01,+5.39834E+01
 +9.84251E+01,+5.42635E+01
 +9.71189E+01,+5.45296E+01
 +9.56853E+01,+5.45431E+01
 +9.42514E+01,+5.45397E+01
 +9.28183E+01,+5.45193E+01
 +9.13872E+01,+5.44820E+01
 +9.02221E+01,+5.41388E+01
 +8.90764E+01,+5.37845E+01
 +8.79502E+01,+5.34195E+01
 +8.70839E+01,+5.28153E+01
 +8.62414E+01,+5.22049E+01
 +8.46586E+01,+5.20195E+01
 +8.30897E+01,+5.18130E+01
 +8.16868E+01,+5.15917E+01
 +8.02980E+01,+5.13539E+01
 +7.89240E+01,+5.10999E+01
 +7.75655E+01,+5.08299E+01
 +7.63597E+01,+5.03347E+01
 +7.51792E+01,+4.98273E+01
 +7.40234E+01,+4.93082E+01
 +7.28920E+01,+4.87778E+01
 +7.17844E+01,+4.82365E+01
 +7.07003E+01,+4.76848E+01
 +6.96391E+01,+4.71231E+01
 +6.86003E+01,+4.65519E+01
 +6.75832E+01,+4.59714E+01
 +6.65631E+01,+4.53625E+01
 +6.55649E+01,+4.47447E+01
 +6.45879E+01,+4.41184E+01
 +6.36316E+01,+4.34840E+01
 +6.26952E+01,+4.28417E+01
 +6.17783E+01,+4.21920E+01
 +6.08801E+01,+4.15351E+01
 +6.00000E+01,+4.08714E+01
*** end of line segment ***
Laptev Sea                 by Peter Bird, May 2002
 +1.27436E+02,+7.68418E+01
 +1.24424E+02,+7.63621E+01
 +1.21620E+02,+7.58485E+01
 +1.19729E+02,+7.52713E+01
 +1.17979E+02,+7.46798E+01
 +1.17634E+02,+7.37955E+01
 +1.18507E+02,+7.29136E+01
 +1.19445E+02,+7.24102E+01
 +1.20332E+02,+7.19026E+01
 +1.21835E+02,+7.15246E+01
 +1.23278E+02,+7.11352E+01
 +1.25479E+02,+7.08340E+01
 +1.27612E+02,+7.05073E+01
 +1.30031E+02,+7.03038E+01
 +1.32398E+02,+7.00685E+01
 +1.35289E+02,+6.96909E+01
 +1.38073E+02,+6.92675E+01
 +1.38484E+02,+6.97952E+01
 +1.38916E+02,+7.03219E+01
 +1.39255E+02,+7.13548E+01
 +1.39633E+02,+7.23870E+01
 +1.39332E+02,+7.34491E+01
 +1.38990E+02,+7.45107E+01
 +1.38249E+02,+7.52996E+01
 +1.37426E+02,+7.60858E+01
 +1.34805E+02,+7.67448E+01
 +1.30921E+02,+7.69245E+01
 +1.27436E+02,+7.68418E+01
*** end of line segment ***
Ninety East-Sumatra        by Peter Bird, September 2001
 +6.87969E+01,-6.66454E+00
 +6.90145E+01,-7.47733E+00
 +6.92323E+01,-8.28907E+00
 +6.94503E+01,-9.10622E+00
 +6.96687E+01,-9.91538E+00
 +7.05162E+01,-1.02880E+01
 +7.13709E+01,-1.06598E+01
 +7.22261E+01,-1.10308E+01
 +7.30818E+01,-1.14009E+01
 +7.39381E+01,-1.17635E+01
 +7.48015E+01,-1.21252E+01
 +7.56655E+01,-1.24860E+01
 +7.65300E+01,-1.28459E+01
 +7.74017E+01,-1.31983E+01
 +7.82739E+01,-1.35498E+01
 +7.91467E+01,-1.39003E+01
 +8.00199E+01,-1.42432E+01
 +8.09004E+01,-1.45852E+01
 +8.17813E+01,-1.49262E+01
 +8.26628E+01,-1.52597E+01
 +8.35515E+01,-1.55921E+01
 +8.44406E+01,-1.59170E+01
 +8.53370E+01,-1.62409E+01
 +8.62339E+01,-1.65638E+01
 +8.71312E+01,-1.68791E+01
 +8.80619E+01,-1.68773E+01
 +8.89993E+01,-1.68619E+01
 +8.99366E+01,-1.68458E+01
 +9.08672E+01,-1.68292E+01
 +9.18044E+01,-1.68053E+01
 +9.27348E+01,-1.67744E+01
 +9.36719E+01,-1.67429E+01
 +9.46021E+01,-1.67042E+01
 +9.55390E+01,-1.66649E+01
 +9.64690E+01,-1.66184E+01
 +9.73988E+01,-1.65714E+01
 +9.83353E+01,-1.65172E+01
 +9.88803E+01,-1.58256E+01
 +9.94180E+01,-1.51384E+01
 +9.99551E+01,-1.44426E+01
 +1.00492E+02,-1.37514E+01
 +1.01021E+02,-1.30519E+01
 +1.01556E+02,-1.23571E+01
 +1.02078E+02,-1.16608E+01
 +1.02599E+02,-1.09629E+01
 +1.03126E+02,-1.02635E+01
 +1.03639E+02,-9.56286E+00
 +1.04158E+02,-8.86091E+00
 +1.04671E+02,-8.16454E+00
 +1.04870E+02,-7.62441E+00
 +1.04976E+02,-7.09846E+00
 +1.05046E+02,-6.44636E+00
 +1.05019E+02,-5.97475E+00
 +1.04886E+02,-5.54439E+00
 +1.04700E+02,-5.20777E+00
 +1.04266E+02,-4.77476E+00
 +1.03706E+02,-4.34326E+00
 +1.03083E+02,-3.75239E+00
 +1.02561E+02,-3.13314E+00
 +1.02045E+02,-2.42025E+00
 +1.01516E+02,-1.69401E+00
 +1.01068E+02,-1.06661E+00
 +1.00702E+02,-4.78226E-01
 +1.00247E+02,+2.88729E-01
 +9.98118E+01,+1.07552E+00
 +9.93595E+01,+1.68882E+00
 +9.88946E+01,+2.27509E+00
 +9.84363E+01,+2.90089E+00
 +9.81537E+01,+3.26280E+00
 +9.78712E+01,+3.62454E+00
 +9.72281E+01,+4.24746E+00
 +9.64512E+01,+3.55180E+00
 +9.56734E+01,+2.86236E+00
 +9.48924E+01,+2.20027E+00
 +9.45007E+01,+2.45522E+00
 +9.38522E+01,+3.04784E+00
 +9.33233E+01,+3.71379E+00
 +9.30006E+01,+4.38696E+00
 +9.27581E+01,+5.00028E+00
 +9.26346E+01,+5.69920E+00
 +9.24785E+01,+6.33089E+00
 +9.23823E+01,+6.94213E+00
 +9.20076E+01,+7.65573E+00
 +9.18792E+01,+8.15965E+00
 +9.17509E+01,+8.66275E+00
 +9.16955E+01,+9.12621E+00
 +9.16336E+01,+9.60190E+00
 +9.16576E+01,+1.00577E+01
 +9.16816E+01,+1.05126E+01
 +9.16841E+01,+1.12904E+01
 +9.08270E+01,+1.11374E+01
 +8.99631E+01,+1.09849E+01
 +8.91056E+01,+1.08264E+01
 +8.82479E+01,+1.06618E+01
 +8.73900E+01,+1.05042E+01
 +8.65320E+01,+1.03341E+01
 +8.58985E+01,+9.74818E+00
 +8.52710E+01,+9.16128E+00
 +8.46430E+01,+8.57345E+00
 +8.40143E+01,+7.98473E+00
 +8.33917E+01,+7.39519E+00
 +8.27686E+01,+6.80489E+00
 +8.21448E+01,+6.21387E+00
 +8.15272E+01,+5.62220E+00
 +8.06908E+01,+5.23536E+00
 +7.98539E+01,+4.85529E+00
 +7.90166E+01,+4.46881E+00
 +7.81787E+01,+4.08917E+00
 +7.73404E+01,+3.70313E+00
 +7.65081E+01,+3.31730E+00
 +7.56754E+01,+2.92509E+00
 +7.48422E+01,+2.53977E+00
 +7.40085E+01,+2.15474E+00
 +7.31742E+01,+1.76337E+00
 +7.23461E+01,+1.37226E+00
 +7.15109E+01,+9.88188E-01
 +7.06819E+01,+5.97740E-01
 +6.98523E+01,+2.07662E-01
 +6.97160E+01,-6.49657E-01
 +6.95861E+01,-1.51410E+00
 +6.94561E+01,-2.37207E+00
 +6.93260E+01,-3.23003E+00
 +6.91957E+01,-4.08780E+00
 +6.90585E+01,-4.94509E+00
 +6.89277E+01,-5.80853E+00
 +6.87969E+01,-6.66454E+00
*** end of line segment ***
Philippines                by Peter Bird, September 2001
 +1.20068E+02,+1.94858E+01
 +1.19748E+02,+1.88771E+01
 +1.19231E+02,+1.82002E+01
 +1.19114E+02,+1.76279E+01
 +1.19201E+02,+1.68391E+01
 +1.19208E+02,+1.65546E+01
 +1.19113E+02,+1.60674E+01
 +1.19000E+02,+1.53059E+01
 +1.18881E+02,+1.47973E+01
 +1.19029E+02,+1.40627E+01
 +1.19213E+02,+1.35393E+01
 +1.19525E+02,+1.31124E+01
 +1.19835E+02,+1.26852E+01
 +1.19963E+02,+1.18181E+01
 +1.20090E+02,+1.09510E+01
 +1.20216E+02,+1.00839E+01
 +1.20341E+02,+9.21664E+00
 +1.20466E+02,+8.34938E+00
 +1.20591E+02,+7.48209E+00
 +1.20715E+02,+6.61475E+00
 +1.20838E+02,+5.74739E+00
 +1.20961E+02,+4.88000E+00
 +1.21888E+02,+4.88000E+00
 +1.22816E+02,+4.88000E+00
 +1.23743E+02,+4.88000E+00
 +1.24671E+02,+4.88000E+00
 +1.25598E+02,+4.88000E+00
 +1.26526E+02,+4.88000E+00
 +1.27453E+02,+4.88000E+00
 +1.27456E+02,+5.07313E+00
 +1.27543E+02,+5.47377E+00
 +1.27504E+02,+5.89625E+00
 +1.27295E+02,+6.44654E+00
 +1.27279E+02,+7.29133E+00
 +1.27265E+02,+8.13614E+00
 +1.27099E+02,+8.74994E+00
 +1.26869E+02,+9.44888E+00
 +1.26619E+02,+1.02960E+01
 +1.26260E+02,+1.10596E+01
 +1.26286E+02,+1.16300E+01
 +1.26183E+02,+1.22649E+01
 +1.25732E+02,+1.28178E+01
 +1.25540E+02,+1.33053E+01
 +1.25197E+02,+1.41319E+01
 +1.24916E+02,+1.47041E+01
 +1.24380E+02,+1.52026E+01
 +1.23841E+02,+1.56999E+01
 +1.23378E+02,+1.60374E+01
 +1.22914E+02,+1.63740E+01
 +1.23066E+02,+1.70092E+01
 +1.23296E+02,+1.74225E+01
 +1.23528E+02,+1.78356E+01
 +1.23348E+02,+1.84273E+01
 +1.23011E+02,+1.88065E+01
 +1.22673E+02,+1.91851E+01
 +1.22134E+02,+1.93178E+01
 +1.21595E+02,+1.94490E+01
 +1.20832E+02,+1.94690E+01
 +1.20068E+02,+1.94858E+01
*** end of line segment ***
New Hebrides-Fiji          by Peter Bird, December 2001
 +1.65718E+02,-1.25347E+01
 +1.65801E+02,-1.27690E+01
 +1.65816E+02,-1.28931E+01
 +1.65860E+02,-1.30974E+01
 +1.65928E+02,-1.32835E+01
 +1.65997E+02,-1.35363E+01
 +1.66040E+02,-1.36994E+01
 +1.66067E+02,-1.38525E+01
 +1.66110E+02,-1.40157E+01
 +1.66139E+02,-1.42037E+01
 +1.66156E+02,-1.43692E+01
 +1.66157E+02,-1.44453E+01
 +1.66175E+02,-1.45823E+01
 +1.66177E+02,-1.47093E+01
 +1.66170E+02,-1.49121E+01
 +1.66118E+02,-1.50658E+01
 +1.66135E+02,-1.51520E+01
 +1.66124E+02,-1.52691E+01
 +1.66100E+02,-1.53698E+01
 +1.66114E+02,-1.54560E+01
 +1.66132E+02,-1.55835E+01
 +1.66131E+02,-1.56978E+01
 +1.66176E+02,-1.58231E+01
 +1.66189E+02,-1.59124E+01
 +1.66246E+02,-1.59999E+01
 +1.66301E+02,-1.61129E+01
 +1.66354E+02,-1.62098E+01
 +1.66413E+02,-1.63228E+01
 +1.66468E+02,-1.64611E+01
 +1.66510E+02,-1.65608E+01
 +1.66564E+02,-1.66482E+01
 +1.66633E+02,-1.67615E+01
 +1.66716E+02,-1.68593E+01
 +1.66774E+02,-1.70102E+01
 +1.66856E+02,-1.71238E+01
 +1.66962E+02,-1.72317E+01
 +1.67059E+02,-1.73329E+01
 +1.67076E+02,-1.74191E+01
 +1.67119E+02,-1.75441E+01
 +1.67148E+02,-1.76592E+01
 +1.67181E+02,-1.77839E+01
 +1.67226E+02,-1.79470E+01
 +1.67253E+02,-1.80461E+01
 +1.67299E+02,-1.81712E+01
 +1.67330E+02,-1.82704E+01
 +1.67360E+02,-1.83854E+01
 +1.67389E+02,-1.85100E+01
 +1.67409E+02,-1.86342E+01
 +1.67426E+02,-1.87362E+01
 +1.67511E+02,-1.89098E+01
 +1.67584E+02,-1.90735E+01
 +1.67632E+02,-1.92587E+01
 +1.67715E+02,-1.93971E+01
 +1.67792E+02,-1.95576E+01
 +1.67846E+02,-1.96572E+01
 +1.67906E+02,-1.97950E+01
 +1.67980E+02,-1.99173E+01
 +1.68065E+02,-2.00270E+01
 +1.68093E+02,-2.01164E+01
 +1.68168E+02,-2.02259E+01
 +1.68239E+02,-2.03479E+01
 +1.68299E+02,-2.04982E+01
 +1.68417E+02,-2.06718E+01
 +1.68488E+02,-2.08063E+01
 +1.68549E+02,-2.09185E+01
 +1.68607E+02,-2.10400E+01
 +1.68680E+02,-2.11270E+01
 +1.68782E+02,-2.12873E+01
 +1.68900E+02,-2.14446E+01
 +1.68956E+02,-2.15311E+01
 +1.69045E+02,-2.16657E+01
 +1.69118E+02,-2.17493E+01
 +1.69191E+02,-2.18486E+01
 +1.69223E+02,-2.19345E+01
 +1.69321E+02,-2.20058E+01
 +1.69394E+02,-2.20766E+01
 +1.69481E+02,-2.21476E+01
 +1.69623E+02,-2.22542E+01
 +1.69737E+02,-2.23761E+01
 +1.69851E+02,-2.24694E+01
 +1.69938E+02,-2.25717E+01
 +1.70012E+02,-2.26454E+01
 +1.70124E+02,-2.27007E+01
 +1.70223E+02,-2.27588E+01
 +1.70321E+02,-2.28169E+01
 +1.70450E+02,-2.28848E+01
 +1.70562E+02,-2.29397E+01
 +1.70648E+02,-2.29754E+01
 +1.70743E+02,-2.30049E+01
 +1.70842E+02,-2.30248E+01
 +1.70938E+02,-2.30573E+01
 +1.71065E+02,-2.30869E+01
 +1.71191E+02,-2.31290E+01
 +1.71287E+02,-2.31488E+01
 +1.71397E+02,-2.31685E+01
 +1.71523E+02,-2.31852E+01
 +1.71606E+02,-2.32047E+01
 +1.71757E+02,-2.32057E+01
 +1.71853E+02,-2.32125E+01
 +1.71962E+02,-2.32320E+01
 +1.72100E+02,-2.32358E+01
 +1.72182E+02,-2.32298E+01
 +1.72264E+02,-2.32364E+01
 +1.72347E+02,-2.32748E+01
 +1.72881E+02,-2.30811E+01
 +1.73414E+02,-2.28855E+01
 +1.73996E+02,-2.28141E+01
 +1.74933E+02,-2.26119E+01
 +1.75782E+02,-2.22550E+01
 +1.76338E+02,-2.18251E+01
 +1.76890E+02,-2.13933E+01
 +1.77523E+02,-2.08742E+01
 +1.77971E+02,-2.05474E+01
 +1.78418E+02,-2.02194E+01
 +1.79011E+02,-1.97383E+01
 +1.79264E+02,-1.92657E+01
 +1.79516E+02,-1.87928E+01
 +1.79668E+02,-1.83596E+01
 +1.79819E+02,-1.79262E+01
 -1.79948E+02,-1.74581E+01
 -1.79717E+02,-1.69897E+01
 -1.79399E+02,-1.66448E+01
 -1.79082E+02,-1.62994E+01
 -1.78579E+02,-1.60835E+01
 -1.78077E+02,-1.58664E+01
 -1.77645E+02,-1.52543E+01
 -1.77438E+02,-1.48002E+01
 -1.77231E+02,-1.43460E+01
 -1.78006E+02,-1.38743E+01
 -1.78695E+02,-1.38243E+01
 -1.79383E+02,-1.37723E+01
 +1.79697E+02,-1.36212E+01
 +1.78779E+02,-1.34667E+01
 +1.77861E+02,-1.33088E+01
 +1.76945E+02,-1.31477E+01
 +1.76030E+02,-1.29834E+01
 +1.75116E+02,-1.28158E+01
 +1.74145E+02,-1.27116E+01
 +1.73176E+02,-1.26039E+01
 +1.72207E+02,-1.24926E+01
 +1.71239E+02,-1.23780E+01
 +1.70271E+02,-1.22599E+01
 +1.69305E+02,-1.21384E+01
 +1.68340E+02,-1.20135E+01
 +1.67375E+02,-1.18854E+01
 +1.66548E+02,-1.22113E+01
 +1.65718E+02,-1.25347E+01
*** end of line segment ***
western Aleutians          by Peter Bird, September 2001
 +1.77637E+02,+5.07127E+01
 +1.77589E+02,+5.16448E+01
 +1.77540E+02,+5.25769E+01
 +1.76713E+02,+5.27891E+01
 +1.75666E+02,+5.29546E+01
 +1.74469E+02,+5.31950E+01
 +1.73112E+02,+5.35480E+01
 +1.71781E+02,+5.38869E+01
 +1.71133E+02,+5.41716E+01
 +1.70476E+02,+5.44527E+01
 +1.69784E+02,+5.47434E+01
 +1.69082E+02,+5.50301E+01
 +1.68379E+02,+5.53414E+01
 +1.67664E+02,+5.56487E+01
 +1.66824E+02,+5.59587E+01
 +1.65971E+02,+5.62629E+01
 +1.65242E+02,+5.64795E+01
 +1.64504E+02,+5.66918E+01
 +1.63554E+02,+5.64839E+01
 +1.62615E+02,+5.62688E+01
 +1.63331E+02,+5.57315E+01
 +1.64027E+02,+5.51901E+01
 +1.64807E+02,+5.49380E+01
 +1.65728E+02,+5.45708E+01
 +1.66367E+02,+5.42189E+01
 +1.67373E+02,+5.38878E+01
 +1.68148E+02,+5.35514E+01
 +1.68794E+02,+5.31914E+01
 +1.69711E+02,+5.28387E+01
 +1.70659E+02,+5.24807E+01
 +1.71806E+02,+5.20091E+01
 +1.72922E+02,+5.16681E+01
 +1.74179E+02,+5.13877E+01
 +1.75531E+02,+5.10934E+01
 +1.76678E+02,+5.08815E+01
 +1.77637E+02,+5.07127E+01
*** end of line segment ***
Alaska-Yukon               Mazzotti and Hyndman [2002]; Peter Bird, June 2002
 -1.42928E+02,+5.54059E+01
 -1.41602E+02,+5.56647E+01
 -1.41099E+02,+5.58969E+01
 -1.40901E+02,+5.59864E+01
 -1.39653E+02,+5.65389E+01
 -1.38367E+02,+5.70786E+01
 -1.37045E+02,+5.76047E+01
 -1.36675E+02,+5.83192E+01
 -1.35503E+02,+5.81111E+01
 -1.34345E+02,+5.78923E+01
 -1.33647E+02,+5.81779E+01
 -1.32938E+02,+5.84596E+01
 -1.31201E+02,+5.88149E+01
 -1.29429E+02,+5.91464E+01
 -1.27624E+02,+5.94534E+01
 -1.25787E+02,+5.97350E+01
 -1.23920E+02,+5.99905E+01
 -1.23023E+02,+6.08445E+01
 -1.22076E+02,+6.16921E+01
 -1.21897E+02,+6.24506E+01
 -1.21708E+02,+6.32089E+01
 -1.22505E+02,+6.38440E+01
 -1.23338E+02,+6.44746E+01
 -1.25073E+02,+6.50140E+01
 -1.26878E+02,+6.55325E+01
 -1.28958E+02,+6.62394E+01
 -1.31155E+02,+6.69168E+01
 -1.32280E+02,+6.75431E+01
 -1.33465E+02,+6.81612E+01
 -1.34715E+02,+6.87704E+01
 -1.36845E+02,+6.90245E+01
 -1.39023E+02,+6.92515E+01
 -1.41244E+02,+6.94505E+01
 -1.43503E+02,+6.96207E+01
 -1.45009E+02,+6.95029E+01
 -1.46498E+02,+6.93723E+01
 -1.48853E+02,+6.92539E+01
 -1.51178E+02,+6.91037E+01
 -1.53469E+02,+6.89226E+01
 -1.55712E+02,+6.86908E+01
 -1.57907E+02,+6.84299E+01
 -1.60049E+02,+6.81409E+01
 -1.62135E+02,+6.78250E+01
 -1.63317E+02,+6.71158E+01
 -1.64430E+02,+6.63984E+01
 -1.65482E+02,+6.56735E+01
 -1.66476E+02,+6.49418E+01
 -1.65093E+02,+6.42560E+01
 -1.63777E+02,+6.35577E+01
 -1.62525E+02,+6.28480E+01
 -1.61332E+02,+6.21277E+01
 -1.60195E+02,+6.13976E+01
 -1.59069E+02,+6.06627E+01
 -1.57994E+02,+5.99187E+01
 -1.56966E+02,+5.91664E+01
 -1.55849E+02,+5.85059E+01
 -1.54773E+02,+5.78361E+01
 -1.53050E+02,+5.73847E+01
 -1.51371E+02,+5.69104E+01
 -1.49734E+02,+5.64141E+01
 -1.48305E+02,+5.62878E+01
 -1.46887E+02,+5.61451E+01
 -1.45479E+02,+5.59863E+01
 -1.44194E+02,+5.57027E+01
 -1.42928E+02,+5.54059E+01
*** end of line segment ***
Gorda-California-Nevada    Peter Bird, June 2002
 -1.25478E+02,+4.00090E+01
 -1.24958E+02,+3.97016E+01
 -1.24546E+02,+3.93890E+01
 -1.24201E+02,+3.89190E+01
 -1.23986E+02,+3.84977E+01
 -1.23775E+02,+3.80796E+01
 -1.23580E+02,+3.74131E+01
 -1.23170E+02,+3.69962E+01
 -1.22558E+02,+3.66739E+01
 -1.22537E+02,+3.62717E+01
 -1.22163E+02,+3.55414E+01
 -1.21780E+02,+3.49280E+01
 -1.21408E+02,+3.43129E+01
 -1.20952E+02,+3.37634E+01
 -1.20507E+02,+3.32119E+01
 -1.20006E+02,+3.28614E+01
 -1.19513E+02,+3.25125E+01
 -1.18641E+02,+3.20513E+01
 -1.17845E+02,+3.17590E+01
 -1.17166E+02,+3.12032E+01
 -1.16858E+02,+3.06691E+01
 -1.16554E+02,+3.01304E+01
 -1.15936E+02,+3.04671E+01
 -1.15315E+02,+3.08008E+01
 -1.14913E+02,+3.12653E+01
 -1.14837E+02,+3.17356E+01
 -1.14756E+02,+3.22057E+01
 -1.15103E+02,+3.26808E+01
 -1.15449E+02,+3.31551E+01
 -1.15263E+02,+3.40235E+01
 -1.14730E+02,+3.47433E+01
 -1.14310E+02,+3.51859E+01
 -1.13880E+02,+3.56304E+01
 -1.13594E+02,+3.61237E+01
 -1.13299E+02,+3.66121E+01
 -1.12797E+02,+3.71487E+01
 -1.12330E+02,+3.76199E+01
 -1.11509E+02,+3.81476E+01
 -1.11205E+02,+3.88122E+01
 -1.10899E+02,+3.94721E+01
 -1.10854E+02,+4.01388E+01
 -1.10813E+02,+4.08058E+01
 -1.10617E+02,+4.15245E+01
 -1.10415E+02,+4.22427E+01
 -1.10318E+02,+4.29100E+01
 -1.10212E+02,+4.35731E+01
 -1.09894E+02,+4.42527E+01
 -1.09569E+02,+4.49271E+01
 -1.09714E+02,+4.52379E+01
 -1.10618E+02,+4.56730E+01
 -1.11712E+02,+4.56880E+01
 -1.12906E+02,+4.54224E+01
 -1.13557E+02,+4.53439E+01
 -1.14206E+02,+4.52579E+01
 -1.14831E+02,+4.47335E+01
 -1.15450E+02,+4.42057E+01
 -1.16253E+02,+4.39165E+01
 -1.17048E+02,+4.36216E+01
 -1.17878E+02,+4.35076E+01
 -1.18705E+02,+4.33877E+01
 -1.19700E+02,+4.33692E+01
 -1.20693E+02,+4.33420E+01
 -1.21524E+02,+4.33159E+01
 -1.22358E+02,+4.32835E+01
 -1.22977E+02,+4.32480E+01
 -1.23595E+02,+4.32091E+01
 -1.24785E+02,+4.31623E+01
 -1.25551E+02,+4.30766E+01
 -1.26205E+02,+4.30352E+01
 -1.26806E+02,+4.29937E+01
 -1.27074E+02,+4.24898E+01
 -1.27196E+02,+4.21220E+01
 -1.27307E+02,+4.17856E+01
 -1.27695E+02,+4.16629E+01
 -1.27786E+02,+4.11734E+01
 -1.27817E+02,+4.07626E+01
 -1.27852E+02,+4.03191E+01
 -1.27136E+02,+4.03026E+01
 -1.26586E+02,+4.02869E+01
 -1.26205E+02,+4.02800E+01
 -1.25787E+02,+4.02711E+01
 -1.25478E+02,+4.00090E+01
*** end of line segment ***
Rivera-Cocos               by Peter Bird, September 2001; after DeMets and Wilso
 -1.05421E+02,+1.70000E+01
 -1.05006E+02,+1.70000E+01
 -1.04843E+02,+1.76895E+01
 -1.04678E+02,+1.83789E+01
 -1.05049E+02,+1.86661E+01
 -1.05421E+02,+1.89526E+01
 -1.05530E+02,+1.85594E+01
 -1.06237E+02,+1.88190E+01
 -1.06357E+02,+1.81177E+01
 -1.06359E+02,+1.79278E+01
 -1.06321E+02,+1.77800E+01
 -1.05725E+02,+1.75061E+01
 -1.05480E+02,+1.72902E+01
 -1.05421E+02,+1.70000E+01
*** end of line segment ***
Peru                       Peter Bird, June 2002
 -7.32148E+01,-1.24771E+01
 -7.28830E+01,-1.15791E+01
 -7.25533E+01,-1.06808E+01
 -7.22255E+01,-9.78206E+00
 -7.18995E+01,-8.88304E+00
 -7.21475E+01,-8.01087E+00
 -7.23944E+01,-7.13856E+00
 -7.26404E+01,-6.26612E+00
 -7.28856E+01,-5.39357E+00
 -7.31301E+01,-4.52091E+00
 -7.39267E+01,-4.08810E+00
 -7.47225E+01,-3.65452E+00
 -7.55175E+01,-3.22022E+00
 -7.63119E+01,-2.78531E+00
 -7.71056E+01,-2.34986E+00
 -7.78583E+01,-2.28941E+00
 -7.86109E+01,-2.22858E+00
 -7.93635E+01,-2.16735E+00
 -8.01480E+01,-2.28993E+00
 -8.09326E+01,-2.41206E+00
 -8.17173E+01,-2.53376E+00
 -8.18693E+01,-3.24892E+00
 -8.20259E+01,-3.72246E+00
 -8.21043E+01,-4.49937E+00
 -8.20944E+01,-5.24980E+00
 -8.20515E+01,-6.00091E+00
 -8.18834E+01,-6.65136E+00
 -8.16465E+01,-7.30381E+00
 -8.14731E+01,-7.98324E+00
 -8.11398E+01,-8.66002E+00
 -8.08014E+01,-9.43456E+00
 -8.04696E+01,-9.91945E+00
 -8.00986E+01,-1.05580E+01
 -7.97149E+01,-1.12875E+01
 -7.92487E+01,-1.18880E+01
 -7.87633E+01,-1.26419E+01
 -7.85087E+01,-1.30089E+01
 -7.82466E+01,-1.33831E+01
 -7.77367E+01,-1.39087E+01
 -7.72252E+01,-1.44689E+01
 -7.68661E+01,-1.48448E+01
 -7.65056E+01,-1.52135E+01
 -7.60164E+01,-1.57373E+01
 -7.58424E+01,-1.58099E+01
 -7.53484E+01,-1.51894E+01
 -7.48502E+01,-1.45674E+01
 -7.43550E+01,-1.39439E+01
 -7.37761E+01,-1.32498E+01
 -7.32006E+01,-1.25541E+01
*** end of line segment ***
Puna-Sierras Pampeanas     by Peter Bird, September 2001
 -7.13554E+01,-2.12642E+01
 -7.14100E+01,-2.19694E+01
 -7.14568E+01,-2.27584E+01
 -7.14965E+01,-2.35263E+01
 -7.15750E+01,-2.42666E+01
 -7.16305E+01,-2.50904E+01
 -7.17414E+01,-2.58378E+01
 -7.18610E+01,-2.66550E+01
 -7.19596E+01,-2.72487E+01
 -7.20676E+01,-2.77586E+01
 -7.22795E+01,-2.82756E+01
 -7.25492E+01,-2.89039E+01
 -7.26699E+01,-2.95390E+01
 -7.27113E+01,-3.01880E+01
 -7.27375E+01,-3.09627E+01
 -7.27962E+01,-3.15279E+01
 -7.28813E+01,-3.23164E+01
 -7.30076E+01,-3.27417E+01
 -7.29778E+01,-3.33561E+01
 -7.30561E+01,-3.38373E+01
 -7.33631E+01,-3.42892E+01
 -7.24041E+01,-3.45310E+01
 -7.14395E+01,-3.47653E+01
 -7.04696E+01,-3.49919E+01
 -6.98009E+01,-3.54672E+01
 -6.91242E+01,-3.59387E+01
 -6.79256E+01,-3.61619E+01
 -6.67204E+01,-3.63732E+01
 -6.55088E+01,-3.65722E+01
 -6.49633E+01,-3.56348E+01
 -6.44305E+01,-3.46950E+01
 -6.41766E+01,-3.38440E+01
 -6.39278E+01,-3.29925E+01
 -6.38674E+01,-3.20781E+01
 -6.38082E+01,-3.11636E+01
 -6.37501E+01,-3.02491E+01
 -6.38078E+01,-2.94087E+01
 -6.38646E+01,-2.85683E+01
 -6.39205E+01,-2.77279E+01
 -6.39755E+01,-2.68874E+01
 -6.38107E+01,-2.59767E+01
 -6.36485E+01,-2.50658E+01
 -6.34953E+01,-2.43645E+01
 -6.33438E+01,-2.36631E+01
 -6.34143E+01,-2.29983E+01
 -6.34842E+01,-2.23335E+01
 -6.35743E+01,-2.16926E+01
 -6.36636E+01,-2.10517E+01
 -6.48036E+01,-2.10378E+01
 -6.59433E+01,-2.10163E+01
 -6.68610E+01,-2.10491E+01
 -6.77790E+01,-2.10770E+01
 -6.89740E+01,-2.10785E+01
 -7.01691E+01,-2.10800E+01
 -7.07619E+01,-2.11731E+01
 -7.13554E+01,-2.12642E+01
*** end of line segment ***
west central Atlantic      by Peter Bird, September 2001
 -6.70368E+01,+1.97014E+01
 -6.62557E+01,+1.97702E+01
 -6.56889E+01,+1.97750E+01
 -6.51262E+01,+1.97779E+01
 -6.43420E+01,+1.97251E+01
 -6.37566E+01,+1.96720E+01
 -6.33584E+01,+1.96359E+01
 -6.28437E+01,+1.95199E+01
 -6.21728E+01,+1.92218E+01
 -6.15741E+01,+1.89134E+01
 -6.09537E+01,+1.88514E+01
 -6.07710E+01,+1.85598E+01
 -6.05756E+01,+1.84779E+01
 -6.03208E+01,+1.81536E+01
 -6.00938E+01,+1.77864E+01
 -5.98623E+01,+1.75143E+01
 -5.95071E+01,+1.72068E+01
 -5.91326E+01,+1.68763E+01
 -5.88667E+01,+1.63602E+01
 -5.88422E+01,+1.59573E+01
 -5.87346E+01,+1.57349E+01
 -5.87074E+01,+1.53778E+01
 -5.85667E+01,+1.52473E+01
 -5.83317E+01,+1.51146E+01
 -5.74527E+01,+1.49003E+01
 -5.65755E+01,+1.46826E+01
 -5.57000E+01,+1.44616E+01
 -5.48263E+01,+1.42374E+01
 -5.39543E+01,+1.40100E+01
 -5.30841E+01,+1.37796E+01
 -5.22156E+01,+1.35460E+01
 -5.13488E+01,+1.33095E+01
 -5.04101E+01,+1.30589E+01
 -4.94733E+01,+1.28050E+01
 -4.85383E+01,+1.25478E+01
 -4.76053E+01,+1.22873E+01
 -4.66741E+01,+1.20237E+01
 -4.61127E+01,+1.27321E+01
 -4.55481E+01,+1.34394E+01
 -4.49802E+01,+1.41454E+01
 -4.49275E+01,+1.48534E+01
 -4.48745E+01,+1.55614E+01
 -4.55853E+01,+1.62578E+01
 -4.63011E+01,+1.69517E+01
 -4.70222E+01,+1.76432E+01
 -4.78769E+01,+1.80404E+01
 -4.87355E+01,+1.84338E+01
 -4.95980E+01,+1.88234E+01
 -5.03707E+01,+1.91989E+01
 -5.11470E+01,+1.95712E+01
 -5.19268E+01,+1.99402E+01
 -5.27103E+01,+2.03058E+01
 -5.34974E+01,+2.06678E+01
 -5.43531E+01,+2.09612E+01
 -5.52122E+01,+2.12503E+01
 -5.60747E+01,+2.15350E+01
 -5.69405E+01,+2.18153E+01
 -5.78097E+01,+2.20911E+01
 -5.86822E+01,+2.23622E+01
 -5.96460E+01,+2.26997E+01
 -6.06146E+01,+2.30313E+01
 -6.15878E+01,+2.33571E+01
 -6.25658E+01,+2.36767E+01
 -6.35486E+01,+2.39903E+01
 -6.45361E+01,+2.42975E+01
 -6.55284E+01,+2.45983E+01
 -6.61345E+01,+2.45285E+01
 -6.67400E+01,+2.44562E+01
 -6.68963E+01,+2.39162E+01
 -6.70513E+01,+2.33761E+01
 -6.70441E+01,+2.24574E+01
 -6.70441E+01,+2.15387E+01
 -6.70441E+01,+2.06201E+01
 -6.70368E+01,+1.97014E+01
*** end of line segment ***
